19081
17033
15269
25461
13856
1093
13677
26500
20065
23425
5972
16914
18414
8148
30133
3632
21573
10763
6071
21987
30105
4308
13454
27824
13422
1071
18551
26345
4855
29589
15729
14778
23087
27365
25532
20467
7353
21010
30227
8083
2936
31630
9641
3096
30702
11637
27108
8585
8278
4474
4059
29759
8576
14226
17809
12663
10863
5986
7407
11417
19891
15465
17027
30022
3207
2285
25595
16932
30635
15271
607
15465
512
9261
11282
30760
24805
12835
23174
9566
5715
19234
28610
17852
186
4963
3989
29490
3227
5428
20631
832
25570
29463
229
4860
14089
4282
31384
18402
31725
24219
17418
20830
15982
13431
30664
30491
24266
26231
12373
16393
22967
282
29604
32304
30274
22497
23123
19256
30058
21180
28329
16820
8059
9783
32590
32562
19244
25188
25037
15107
14968
1159
24778
32203
26940
30596
20994
17863
10645
12041
4103
9185
10743
18811
21433
7541
16654
25762
10628
24289
6997
4371
32347
2767
9847
4193
120
12866
22120
18946
20432
16737
8259
8963
14936
27910
18146
9324
32762
27910
21823
7281
23126
3902
25229
9821
17465
28514
31766
17726
15582
24453
20691
32081
743
19816
31437
6188
793
12418
566
32686
30426
19667
30278
23462
28268
22121
14295
24134
17127
16815
20927
27462
11256
19577
31473
1495
30044
3024
7763
12622
4122
2685
1117
12429
31619
17495
31349
20529
16874
2636
5133
10109
1316
6962
24954
31753
22206
32075
14483
13354
22529
25754
27406
1057
23974
12776
1690
16899
4953
22165
31420
3178
23280
10527
16490
12256
25448
30324
24424
30472
13219
23544
28006
20874
9444
13908
25302
32196
2310
12548
24975
8498
30847
17055
18723
31641
1049
8677
13568
8439
18026
32651
16457
26154
4376
4293
11122
27746
12750
13975
16286
30536
2813
19932
3000
31211
31827
29715
22355
1647
22268
19693
26434
3188
22939
5271
28663
4679
28679
2759
20892
21707
12997
648
31219
31269
25162
8902
2030
17195
23021
9113
3342
26506
13998
5202
2172
2233
11689
30278
30696
26529
20056
14428
6693
18697
11404
24409
16257
13507
11817
26342
17382
31640
30884
10086
3762
12276
14909
19578
13398
32082
19197
10321
5552
2662
24943
28592
6441
21004
22302
10949
22926
7923
14546
26283
26287
5640
7817
29628
29626
31653
1847
15515
3924
8054
13373
508
16764
6959
16555
1850
11040
20464
28726
31639
893
20083
29176
11344
3895
5627
4842
19304
27964
22012
7201
22321
21849
7819
22731
28314
9368
11140
32745
7740
21345
13949
32202
29219
12620
31598
22859
22620
711
23580
12496
8259
23660
20042
2817
8841
22559
159
30533
24072
32747
25174
14847
5446
2714
31144
139
14539
17942
13561
22775
10787
19330
8900
27009
9137
22808
15432
9173
20794
28097
12016
28675
25901
629
20611
2882
14004
32089
10768
5734
13435
14994
17815
4131
14403
18154
10871
14079
1829
10282
13467
3864
2727
20273
12900
1947
3712
4056
30037
31744
3883
14982
16769
3334
25902
13202
18357
3442
22823
9307
5733
32391
27803
8745
11607
22596
25470
26306
8209
6496
23170
30412
29444
23302
30240
20966
8053
25681
30311
2180
27183
31110
15239
21390
30954
25363
1820
2488
21113
26699
1596
3744
13751
14815
28735
6057
29488
2076
18001
25241
13710
16614
32697
14837
25802
12664
12006
25368
4110
2009
27454
21013
2668
28701
2982
16210
9793
18785
32209
31457
15207
11908
17994
6557
25630
20133
30015
22537
7352
20833
7187
20200
12806
17097
4002
21916
10885
17190
849
11839
5704
30316
18653
22403
29093
28542
16609
8266
1695
4903
18468
22788
30999
11988
11689
16076
27057
16147
32116
31810
23431
8652
11292
23590
18576
12353
28437
2489
4303
31943
19898
31444
12347
12354
14109
24517
26481
17250
10383
13549
17180
3999
12526
21018
11808
29685
23729
5029
31369
2399
22196
31051
3383
8982
18884
22220
6213
5766
20202
29253
4158
1813
29816
11342
18431
12691
10709
3539
24426
29567
7175
22451
28879
2559
20229
28698
10523
17565
32698
18847
14014
10179
6873
8221
15198
15093
21604
10065
11325
32464
11258
1848
19818
18118
27107
16934
13227
29335
24796
24742
31014
17294
164
32533
4305
18817
1347
6397
25759
9094
20253
11826
10856
4213
12218
7599
7060
2850
14162
21038
31631
28247
20251
7305
6381
23700
11347
22483
13656
26501
26636
13109
61
13127
18363
15754
4154
4443
639
3770
1862
20326
3889
10967
19870
13742
18223
31481
3955
29013
27112
30682
26965
26195
19751
25136
28509
9525
17953
9422
31517
151
5949
15481
27720
32354
28325
16779
18466
8390
16785
28490
25510
17142
4174
17669
1145
1447
24336
7412
9361
1862
28541
21709
17572
25596
1781
25638
31059
14690
19875
31886
7955
10756
4677
3945
24799
7319
32443
21903
32160
13050
2385
13476
30807
13551
11980
7733
7952
27286
16694
17559
5255
8877
22377
16768
18583
24713
10590
2658
2918
28115
25907
20107
10066
19460
18686
6910
11674
16798
3412
24590
25037
32560
27799
13504
28659
6151
21251
29662
22908
19124
888
3803
17644
21826
15621
12906
7236
20788
11576
6365
9775
21312
15144
9790
1522
19150
30526
10799
19984
23855
15304
25473
4544
14494
19004
8599
8464
6903
29004
8057
23509
2105
1965
29879
18266
27837
18343
14340
21188
10035
22365
12174
30278
13922
2522
11038
6410
1692
9439
25588
27098
6914
14191
32352
5778
3709
19735
2336
3654
10359
2557
5757
14899
349
31663
19236
22886
29398
10921
32453
27438
20416
14500
19053
21571
8175
6049
8356
10931
23460
9657
19270
21648
25295
14753
27426
25947
11268
27647
21844
26159
26431
10608
27234
29869
4184
22870
17177
25771
11588
9570
20261
20636
13329
11749
16755
17597
21664
14038
26183
28933
8735
6562
16156
3530
22605
1975
63
24371
14445
27087
19498
865
14855
26620
18593
30556
2914
26232
27022
32447
7617
810
3485
23075
14688
24568
18583
30797
21804
17871
30592
3607
11846
27763
31343
16671
23350
29448
12336
20785
22255
21852
3995
27765
16263
27130
31410
6744
17587
13551
10108
26939
516
7002
15013
19166
16611
17333
28626
19339
24141
12006
27590
4098
20559
22021
5174
17960
1857
22763
2412
29806
9922
2431
7582
21506
21111
24512
26123
8632
2690
8850
16859
4535
21444
20808
29364
20963
10195
6645
8988
18190
26810
26738
30353
28894
21619
23087
32618
8316
13349
8891
13932
28161
17182
11537
20523
6305
2446
1448
3111
15765
9993
22841
22946
4554
18619
5198
28226
2635
18280
28559
10859
8047
10539
29900
26458
5826
746
18633
2818
32692
30108
17869
32167
20228
17210
13033
23867
17642
14214
9225
2683
2567
24703
20156
27593
12045
21151
24515
456
31534
29914
7515
10681
13638
4183
25162
10649
21447
8172
15787
25078
16232
7004
17274
16789
5261
14928
23007
22213
3957
27414
3899
6785
3877
31003
17651
20809
23320
7977
15103
7613
6051
353
18481
8446
5418
19192
19270
17604
26117
27569
8366
2879
26416
12574
10523
175
10164
14230
11467
10946
23257
28405
10134
4529
16648
12055
18871
16153
13186
6162
14682
20122
16067
14901
24809
27697
30644
16836
22039
23638
30611
8817
9641
27093
10915
32411
4103
21868
23955
17990
646
9001
13743
18909
22898
24962
32712
15529
14047
17969
484
25360
31277
15574
15270
26766
9308
17226
16764
6517
13589
12228
7818
31844
19571
15534
26970
1929
7574
30277
30528
28054
32231
26099
23182
16004
7464
5996
6013
22538
12866
21386
15318
25052
10446
11497
17763
20900
7009
14914
793
12993
9880
6792
23810
11714
24807
7877
12012
2977
800
13745
8660
12479
3525
29975
12304
19363
30479
23784
16446
13171
11707
12316
751
12846
31895
32588
32531
13999
6864
16657
31012
10850
29944
5146
8467
26307
31450
1807
13043
1691
32254
553
30310
3834
27898
11918
18634
11251
30591
30573
7716
32026
26399
222
9417
11710
14559
12407
30670
21735
17281
9133
3125
22798
30350
12273
17620
21407
32293
18566
22788
12335
22406
26148
31247
893
8798
19535
25431
22058
15056
18548
16710
24376
26695
18120
6905
27204
11518
22753
10924
25987
588
2577
20708
21374
3505
7557
3678
7309
6817
4642
12474
31765
25874
2075
7655
1409
199
25682
27213
32001
26970
19828
9662
5
1804
24275
2842
14712
13389
11522
32452
7613
4106
30770
1992
27242
10425
10319
12232
26055
19493
28378
30123
6661
2041
10885
16133
2110
9999
26768
29765
3888
14198
8166
13217
441
25925
502
18114
10514
13858
32082
18223
11979
29073
19978
7546
10890
16894
14279
18220
20355
23177
17830
3953
30135
11667
11226
9859
31468
12
9984
17367
14191
25979
30017
16138
652
28874
17706
19338
714
9687
13899
17156
17895
30651
18321
10897
23702
24536
20323
24224
30203
22949
22911
4513
14050
20281
1683
2423
18627
17048
18843
18331
23670
16321
7933
2063
7350
25459
6502
17161
19543
707
24674
7516
3143
16223
31934
29606
1350
5279
3742
27708
29029
10577
18781
15318
16704
29249
20775
2297
22779
29066
22104
6696
8445
7840
2707
15049
26223
17177
19362
729
18291
22590
8209
27983
10021
12629
24969
26961
25938
32428
12525
21018
22010
30054
4150
31142
13448
10245
15887
12834
3788
23483
12080
534
25532
26224
16763
28496
29167
24978
1239
3216
29141
15777
13776
13813
14263
630
17899
10282
31090
18518
3530
24144
13299
13754
1284
25258
27761
3548
7106
32266
18797
7169
4634
29183
16235
1929
26923
10683
19821
23736
18941
3526
1332
22082
32278
26213
23350
13208
21979
30920
31326
10229
6317
19190
6022
11815
23231
14969
181
19742
21689
20937
25624
6454
6414
2169
2754
32324
17182
23075
803
7778
31755
24597
30538
20859
29019
22968
10970
4501
6482
20420
23758
24545
24845
15910
2284
28292
8286
28844
17674
6947
28523
32374
13828
1585
14853
4125
22648
21240
11465
23712
6472
23656
22521
2323
31181
27299
9240
22278
15323
13636
29767
19894
20857
15987
4706
18934
3165
21162
16602
8411
18730
14660
3664
16682
4712
25034
18166
32642
30535
6653
8102
31050
4627
6307
30400
14936
31350
26898
18116
4454
8049
893
9907
16181
17689
7682
29733
27774
8721
623
810
4766
22731
29912
28641
17149
18558
30425
28122
31042
29158
29611
12589
25656
27582
8425
19799
20862
8958
8224
9687
10225
25300
11545
19597
7386
24676
25829
27085
4056
17984
29101
2630
14732
31654
10038
28310
6406
9084
23607
14505
19442
3852
3163
4821
15746
8319
3860
11446
22555
22811
28454
10699
9663
3900
12014
24013
2877
2068
1398
29395
2586
28962
24635
21799
13630
30067
13752
229
17502
27292
29882
3417
29229
20850
7267
4630
4418
9872
18683
16854
967
16006
16762
22293
487
10721
20950
11884
23285
23775
32269
10926
7517
5871
23025
16068
20811
17898
4534
14665
12829
24852
28476
11748
4745
30673
26653
6249
22414
28711
118
5551
13852
12535
3702
20015
8066
13307
10920
28257
2204
15230
22784
18646
30648
10207
13991
32278
1357
10435
14470
17975
15194
17949
18068
14402
32671
31967
16352
11077
29823
27517
13150
3384
31920
18982
22897
19344
19880
10946
6716
10661
15559
15530
11433
8388
13125
4137
6709
9748
29914
5558
13186
29225
9519
21743
16794
9834
14343
5973
4
27683
14380
714
11145
26985
4380
24523
12739
10161
18289
1901
19818
18479
19473
13593
7006
8688
22041
14343
29812
9654
28554
16507
6145
9111
8369
17602
29479
20052
26200
14828
4322
6266
24239
7238
32465
18235
22775
926
12997
22282
13300
16182
15627
3576
14096
13700
21369
22481
21071
944
315
18421
28919
6346
1883
23800
19195
18638
14865
25081
24875
4954
26320
2499
4126
6697
3853
8101
26075
855
973
27153
9802
17235
11766
6903
10845
2723
3921
27103
1533
21339
18530
13257
8375
19035
12008
15556
11555
4171
16690
28496
11032
3672
552
13685
24721
23211
2581
18336
30045
26798
22581
3392
7562
254
12546
27428
32399
15662
5439
7059
15164
833
7617
27689
21090
15590
18432
32116
15426
18033
32609
24658
29366
20894
28481
11528
20513
14340
27073
28707
28952
31066
28500
2319
1229
24941
8969
22136
14400
4573
14233
19556
10276
27547
8496
20493
1426
5155
6140
30080
22895
4728
14198
31478
4766
16356
18035
7669
19174
2156
29673
9766
28322
14101
5250
16885
13099
18906
11491
4331
2054
2408
21689
30667
28364
24735
16008
6766
26077
12233
28722
5982
20932
6040
30794
24885
4456
30689
11286
20916
10488
7707
14950
21154
12180
24470
7960
14442
27580
7035
17254
10868
19065
24711
22262
13631
7501
12934
11679
25155
19164
11154
11772
29064
24151
29961
7347
4358
8620
21583
20611
11707
11886
18249
6927
14991
8582
27796
29292
2279
23959
13193
10092
3851
2098
4082
13480
14392
11711
11657
29263
6788
14374
24372
15026
11894
9280
17922
19339
25697
8705
27621
28688
13189
2914
20013
16316
32483
24079
5065
32216
27620
9173
27452
26060
1704
30153
19552
28711
20527
1593
6622
23663
4650
23892
24169
2986
5279
13465
8637
30633
4415
7424
4443
21271
135
23529
30977
7749
7321
10952
18155
15539
13783
17806
6092
22366
13637
29654
1675
6092
26780
30932
15294
2008
29741
5630
30951
8765
1660
3192
7025
24549
10648
18752
21352
19951
20027
10270
2555
30850
27814
31049
13235
13909
22331
13785
2673
8442
6871
3825
27434
17901
2293
17320
21345
23648
18308
27068
14951
3012
643
5365
16981
3863
7010
2394
31942
16624
29209
25623
16213
23628
9221
26409
17370
32278
23685
21455
4195
13176
4952
32689
25332
8420
21685
4301
7423
3553
28455
3109
27298
24982
9007
9002
8611
23576
12440
27622
5163
6259
23960
28653
21317
9082
21419
15873
7446
13135
28207
27272
29402
19377
22208
10926
4771
23304
2897
30298
20688
7218
10767
23762
3406
18699
7926
30765
16529
27070
3887
11132
23633
19663
7728
6071
31749
29668
26770
29545
8480
342
20657
12571
30478
29307
30982
8322
23277
12977
2115
30312
8972
21291
4915
26458
25124
29563
18512
16662
8792
9955
14625
11955
21486
25179
23898
5006
27595
16226
11186
10488
28080
8069
25730
19105
24119
31920
27170
7619
22667
29240
17155
32526
17386
19108
8588
25431
25820
7743
3510
5887
17968
20062
3174
2084
13755
26993
24717
1930
20688
17356
16898
11336
23678
20787
9754
17970
25996
2855
30221
2826
25654
28659
20232
27237
24484
26229
10257
13407
19758
4781
31135
32510
10066
26375
17141
30311
30833
32360
2370
963
21836
2811
11386
30446
834
26040
11762
7910
17991
2745
17598
31982
4772
3644
23498
32389
7793
22135
21947
27146
3794
9759
12931
27180
15604
17335
29382
25619
20166
18841
21744
1104
8056
27333
18451
11909
13236
14445
12417
15316
13727
13372
23085
13320
13454
15210
13506
28038
9352
5761
13697
16370
22912
14828
31451
13728
31311
836
3538
26561
10099
32602
23824
29002
20874
1284
19908
9379
31628
12456
32320
28693
25803
3210
5716
7408
22188
29141
16744
21887
4643
28267
11867
7597
6384
15212
12575
10867
20123
4232
25104
17417
11568
24581
22297
7880
2491
18319
21125
22241
9346
16835
934
31424
261
25722
13608
20542
16822
14293
1330
16521
888
29197
834
5843
29913
9208
20421
32189
9488
8794
6521
26498
18101
14321
5251
19684
25154
27710
18256
28375
13390
27413
18732
1774
13187
22756
20131
4745
31332
8131
8091
9404
4289
319
21293
27390
20725
30950
27976
20630
25830
15250
14852
27845
5818
24438
711
10164
29017
30954
31002
16924
27815
14326
29513
11191
8574
21152
22204
21610
16750
18422
19480
25647
20020
18394
6421
1476
19707
19344
15389
12309
29012
11016
9642
6762
31735
15084
11101
18256
18743
16234
4317
21065
19271
16318
17013
27699
27695
1670
7532
12920
5004
23237
25123
19707
19466
15796
11249
32446
17570
14669
2751
5459
10644
2965
6754
25352
4388
15020
13243
12242
30740
23957
5008
19701
2532
9670
4905
14201
12492
30063
20138
30029
10613
3723
21812
6456
5755
9895
16058
6531
20388
27509
17315
25960
26845
17424
12836
25913
11512
23309
23900
20816
2088
15685
25132
3002
7736
6501
24028
26786
2190
27698
29295
4479
30691
9629
13506
28413
13759
4746
24679
17836
16823
5984
27971
29035
1639
1873
25321
27538
25133
9318
1461
2018
32682
5202
14761
5166
14841
22003
14087
18118
2221
935
27826
10150
12173
28244
11333
24675
11791
23862
31728
7889
10901
32359
10775
30325
21865
21552
32425
27822
32634
11025
9792
7074
24788
25746
13053
6121
19169
8904
20257
1276
16993
8358
32108
1116
15658
17161
822
27522
32673
11905
22606
27786
22004
28128
14486
7582
9501
30085
13147
2851
3990
3942
21621
16550
10716
31711
17186
29829
31398
21308
29347
16989
17122
29703
16532
8247
18804
2579
7436
31345
9901
31301
6265
8814
19341
16165
29496
31741
16569
552
2807
5514
22843
32187
16843
5895
21756
29711
15120
13208
12033
18087
2564
2561
4968
31395
11810
8144
14625
13770
31040
25417
7021
89
15207
24598
20248
22413
20598
4779
28534
23794
27509
1659
24351
11882
15290
10972
22634
13052
18366
2747
2474
26722
6589
21247
14635
32081
6671
21438
11499
17542
13129
26658
21016
19605
7187
28953
24654
10353
25287
20160
29837
13498
5839
1165
24571
26058
11195
29758
9823
27261
29220
23429
26713
12228
16965
112
13667
4329
13394
14490
392
16543
671
14100
15078
14033
29042
19729
15077
12071
22692
2387
3892
1112
11002
25177
22152
29746
5957
22341
11539
6251
7995
13199
25798
8229
16404
24940
1351
5699
2276
30460
20401
16494
15035
27190
16911
25317
20094
6036
22166
29961
31876
1917
31396
4772
8688
7798
31100
13821
8145
9225
22207
1692
4091
19569
21673
18653
27555
12554
8721
14903
32700
25467
27679
26186
19221
1953
20426
16554
8751
8250
26393
3950
13535
31318
28181
29302
20904
25470
15248
4992
726
5793
2457
19178
24922
3010
18874
17733
14697
5732
248
30110
23763
32433
26504
24715
16164
364
18513
3063
14204
25245
23589
8110
1070
32502
7359
679
27675
2055
19324
277
6605
22310
10202
18220
3155
796
4529
15539
14815
9359
4915
3406
16416
30003
3749
27017
15968
13745
3034
19620
13661
1619
24948
21281
2281
7796
13786
28174
32577
3753
5112
32530
23085
31151
4026
10554
26075
28692
13894
25217
6524
23206
17916
4641
9628
8092
27182
18332
3138
28294
30367
22153
7883
24308
24253
25375
32135
19945
25758
11139
29968
9726
15292
6609
21870
32342
7025
27372
7916
15429
32049
30214
8376
9151
649
24814
25918
642
16091
19741
2113
25091
24790
18814
21182
27674
30648
5377
14464
28268
20547
32222
4994
10396
9600
27049
14601
20785
8503
21019
17534
32069
26665
17050
13324
22259
11795
8845
13054
20094
3428
22626
11734
12865
7865
4444
3116
22875
3100
14877
11341
19734
7169
29687
31887
7452
28668
4851
20086
19032
29507
28829
16264
29869
13544
8085
21488
14170
10707
19415
7893
24616
4736
21445
5240
27993
126
26106
25104
32336
14243
12237
26469
8959
26384
26791
11822
13845
30184
17925
31531
11749
24527
9292
21762
4117
23844
28752
7387
29707
21247
7586
5306
16407
18153
13725
28575
3424
21086
19247
18271
24208
20995
24424
5185
5439
19623
709
600
21024
19964
16185
16547
11246
12562
5887
9701
26900
5783
9250
18245
10271
720
9416
23718
8932
24406
67
3780
30833
23697
4310
2835
10676
28406
15943
31064
13549
25600
13608
12035
31701
19183
18150
15443
24716
11587
16014
12072
17731
21239
13923
10151
23214
3710
14880
6800
26919
19583
16909
23903
162
25423
21188
22564
15188
24114
19904
31010
32546
16465
16042
17962
27084
31611
12644
10165
21462
5788
23762
18884
5690
16382
11883
11896
32463
18241
642
20080
8055
15131
5461
25318
25611
9936
30930
13705
6920
11120
6957
4632
23798
28884
10787
13763
32412
10838
24331
22593
31205
11091
32673
10928
31120
18274
8082
26673
29595
31313
28359
21567
32365
5092
8305
17108
19654
25420
14041
1594
31847
7785
16357
24241
9088
191
20073
18374
18654
24122
15411
16238
13009
9634
213
25317
14558
3804
10544
32073
1066
28902
15301
25589
27297
31632
5563
15518
20713
20731
3248
2352
16138
15059
24896
5478
5081
30540
20054
8748
809
23005
16693
27316
19121
15295
1605
24410
18876
30756
30366
12856
26515
28728
29270
4489
29866
21209
13195
11198
29325
9237
17967
22882
28296
16487
12438
2222
23321
22449
6337
18156
5143
7161
29288
908
31134
8163
457
26887
19906
8434
16179
26487
16623
14719
26449
19699
22817
13941
17463
1964
8137
3282
31534
28105
17019
10973
27456
9986
4696
8487
26754
5118
3646
24388
24612
20333
25520
71
12601
9445
4743
25342
17991
6526
8022
2546
15246
25132
158
32541
7705
25567
12983
14185
3973
6492
7801
12781
23188
31449
16045
20199
17521
17243
12342
6775
9921
12240
6399
1825
7790
5100
4515
21504
23346
24771
32223
6859
23525
31019
32697
16777
9095
28623
29036
19476
13069
2835
4634
18767
21484
10924
20785
22567
32614
27387
25753
74
28311
8748
5538
23210
7998
4882
28848
17840
22861
29121
17315
8513
303
5609
5897
20081
17115
30453
3587
28426
24989
19943
22776
8379
14495
30962
9979
12320
14394
31956
16893
32630
27647
16378
16818
7450
21891
23378
324
17862
10222
7405
17338
20107
12355
6237
13095
12942
30316
24777
9874
16514
25357
18640
23209
9193
30213
17443
2340
17930
22980
18145
2810
17073
24400
16049
28999
27817
12052
417
16632
7674
14959
20162
15676
20451
14840
15487
27818
13974
17555
12481
17714
23734
19253
16069
10949
31377
1399
1720
11460
1309
6876
29463
11818
12468
5345
28617
25720
25487
26058
30457
22884
21508
4135
4021
23360
20095
15144
6728
2091
24386
16294
1624
24571
23516
31213
20158
2278
2154
27723
22312
13043
21649
32346
1905
17955
27703
25869
16571
18270
6148
32635
2130
8223
10651
13422
1088
13535
28568
7339
9648
30274
27977
1535
7427
22788
21037
6926
29620
24738
27950
15323
26604
10440
6045
21270
26084
6526
21489
13353
15103
12817
7231
19969
24227
5826
7289
16028
27867
19761
21607
4951
11949
21383
23909
16885
19516
32358
20449
9839
1182
18834
1171
4478
1915
1884
11643
13289
19562
6866
668
29326
1035
10408
32378
28467
32484
27364
26196
21002
9725
4941
6690
8198
24890
26769
26701
10720
1915
2617
24881
24552
13429
1869
26195
5772
8270
13254
29026
1961
21755
26808
20207
7317
23898
6972
18668
19689
18958
30239
31974
7695
10270
25164
23042
3983
17740
10745
697
24
24119
8852
3667
22353
4656
2412
26148
93
14556
32544
14985
304
30094
19912
19362
14997
9313
26085
460
7419
32024
15881
4581
24067
1975
325
10559
31434
16093
14423
23904
4854
31720
22928
23424
26754
2247
27527
5056
4170
29597
9856
23594
8021
27
16537
18284
24806
21146
20666
11092
24897
12539
29754
4875
22846
30015
9042
6417
18063
3557
24642
25852
15568
10247
11589
18672
15187
24371
30006
15069
5033
3850
21246
9595
11505
8859
25541
19719
12256
32125
4052
17339
26516
23214
30284
10766
25368
15662
26505
14000
9142
20059
6739
16963
25600
17931
1995
21211
17309
14443
6672
25396
25556
26011
6580
25014
16602
26373
1506
9001
21468
22145
17227
17720
18890
19242
19925
15527
23273
18430
22786
2900
3864
30776
2850
23023
31453
21869
16185
29049
16695
4968
31150
20605
26146
28102
31672
22545
15850
13138
8584
19596
1328
11038
30518
9732
28093
12134
12398
27790
11274
6692
28375
7221
20875
24434
839
19638
32703
29092
5543
6402
16377
19233
24487
625
3052
14854
26147
19398
21240
18809
23888
2022
2102
25805
9135
22616
1349
4186
32686
6011
19922
21530
3102
27275
32745
13316
32601
30546
31999
21032
14639
14765
6075
5775
17301
13510
21128
30928
12812
31755
31452
18290
3026
20464
11589
2309
11467
19050
3640
21247
18734
22310
17305
12887
32752
29581
31497
483
10224
29305
2291
19058
17383
16308
27734
2217
18702
24373
17232
29854
9356
9241
31854
10038
11174
23395
20661
14655
25253
26227
21103
14412
18054
327
7351
3412
1380
12405
28612
12554
20902
4836
17909
18938
15336
4942
11680
4200
16298
13686
29594
5096
28347
31528
27270
16061
26467
7413
23262
13042
339
4779
26563
23866
23885
10134
29829
22920
17299
5753
22256
1390
32017
26955
25180
23607
4938
6322
6003
30915
8963
10049
1216
22821
11696
13424
9213
16382
5538
17247
16409
20375
12526
12618
12299
15040
7965
6091
29273
10092
19861
5843
30055
7945
22218
16998
6272
10401
10276
12314
12710
26802
6831
24653
9242
25293
27269
32553
21418
14577
14587
14681
189
1189
1422
8328
22815
9687
18828
23454
18829
9079
8834
7865
23552
31187
14185
9965
11962
29361
17551
13756
20497
25390
31302
18516
2814
27481
6735
1675
28772
5007
5
9627
10530
25492
32586
15005
23767
20342
17970
14535
14712
5666
11633
5989
26515
28099
9093
23448
30560
6622
7842
466
4748
18222
16738
781
32454
18752
7721
29134
15622
5583
17754
27357
20896
6621
2619
21953
268
17558
10920
12541
3442
25572
17787
26125
16632
11985
19383
24863
20684
6561
22647
26770
25840
20395
7065
28719
20680
28411
17193
25642
18533
25001
3983
10199
7823
28919
32377
17452
22420
28206
14470
506
7379
3381
11703
27627
23815
19702
3222
29754
9557
2417
36
14901
32532
5020
24708
11124
24158
27393
17000
31958
27994
29974
4415
14144
16456
20059
8219
21525
15945
4406
23908
9588
19188
11918
5439
1589
31897
13353
28348
3489
27475
7366
4034
17139
25808
1530
5050
3218
4319
26571
16638
22284
21182
10766
10496
12242
29473
13184
7994
20406
24322
20135
13017
20773
1836
103
5929
3620
11397
11363
9919
25100
9502
8985
28008
19204
26108
30140
25812
10051
23972
11216
20482
2563
27496
13960
24939
25668
32628
15839
6126
32070
12183
9080
32382
30403
19667
22326
14989
22768
17827
22939
5431
25138
24846
2018
27439
5793
7792
3546
12138
19261
17923
6537
27789
10482
30256
11388
28951
25421
14744
9967
4686
7932
29153
26786
12779
17416
9025
9078
29317
14289
27851
15306
18110
15053
14716
21143
18223
26112
30212
21837
31508
1082
22358
12140
32695
17171
32238
31203
15005
30631
485
17449
627
29458
13238
21276
27319
8874
7630
29084
7719
30719
4821
12007
29674
21651
21695
9907
11135
30042
8337
12045
31593
6640
10996
2036
24215
25500
22907
26804
19605
10249
17588
1796
18549
13246
20208
29663
29307
14434
23506
27170
2187
25266
29850
27370
339
21566
25903
17323
11832
31974
7662
23057
4098
4120
26165
22935
19014
4551
11182
7912
24983
14122
31323
31992
12396
5945
26982
14306
16079
26344
2214
20864
26827
15650
6897
972
32659
6788
10532
1273
20850
12510
14835
29009
17526
9834
14961
30413
28636
20682
25438
7798
24634
9155
10036
20350
29295
20412
29936
26653
29003
19444
23457
2093
25085
18566
23218
27012
11072
17438
27382
25109
837
16761
3192
27589
20575
22686
25856
19983
26736
8158
15205
17750
23319
10381
23446
17421
12951
2941
12134
10633
22406
16702
6171
2721
826
16920
21685
26635
27891
10693
254
28278
7624
23279
31062
7271
5971
24172
12091
27092
14620
31291
15003
19841
4294
15422
13273
15390
251
29877
8865
32029
27416
23678
3436
29013
18329
25359
30162
10072
22851
24623
19859
22932
26388
9591
12387
12844
10474
11148
28281
28820
21237
22298
13270
19695
27614
4495
22614
13608
22964
12700
9336
16338
20891
28524
5868
28864
5683
24738
30434
11108
12489
14357
16141
28392
4416
17739
11641
14350
16574
28598
1042
9416
4886
10673
17904
13719
760
5944
32099
18596
9434
25706
22211
10911
23717
1984
7156
22875
16928
27659
23739
21542
24605
15919
20420
5610
14950
23201
14447
5381
18021
5794
23902
25832
17045
24889
23487
21873
6316
30705
25434
11273
13957
11095
10074
21117
2511
28466
4059
6045
2680
12928
30775
23958
32727
15157
1552
21008
27803
435
25885
3079
19831
18440
29621
11114
5771
26857
11293
22134
7057
6770
22162
12495
20172
8347
20501
10339
689
11130
29177
13311
6738
23867
26157
24493
21646
13279
29770
17109
7674
21175
4956
15375
5518
26527
19568
3785
12303
10235
14817
16029
9792
8563
12131
17519
6600
23150
22220
31050
7394
32335
19878
21240
2247
4466
3957
20067
20187
26853
14536
9134
12441
25063
28418
8210
2624
5409
30950
16762
7227
422
21476
28638
32593
27564
21029
28768
12177
27400
3416
28201
23035
25963
14906
13568
22766
28766
10472
31151
2902
22271
32228
19477
29329
16249
28649
3851
17190
11333
5743
4600
21541
21794
5372
10290
6492
5077
12081
23067
5182
24737
4496
3064
26515
6789
23310
13968
31201
5944
13148
3465
21142
14053
31221
12162
7674
30630
23016
15343
983
17602
20067
27320
15589
32167
25603
401
4856
28838
17117
17175
14312
17776
19788
13232
8004
4948
24441
20511
18102
7990
31659
4586
6452
32078
28500
23916
22764
4774
15575
13752
15340
12881
22042
21044
10133
21100
29648
29170
14013
5334
5507
2253
30375
8111
30308
8776
1700
401
722
5670
1669
7569
6828
27337
32712
23284
11351
331
13694
5297
29838
26462
1789
1195
28397
27364
20811
9899
17211
19277
31557
20255
15226
9396
6290
29076
3760
28857
20299
21237
3188
14620
27752
9089
30007
22558
21225
15502
2904
25240
12744
32255
10470
6104
11426
1926
26162
29503
25375
18842
7452
15259
806
10807
21787
11333
20931
14681
25609
5114
22227
12598
20404
1402
6005
15934
15397
30178
2864
19155
29358
25802
14308
19144
19893
27166
8306
17051
5443
17853
29227
1651
6220
19667
7417
27864
3772
20727
16975
28980
4166
23811
9938
525
11243
25527
4804
30464
27724
15373
19765
27261
21681
1882
7656
29508
8917
23849
518
31139
24951
22743
32645
9324
6049
25838
17238
6584
8375
24642
30289
3935
31039
30925
29921
26418
3186
22604
21871
21247
20102
32406
27023
15426
12217
26047
9709
27563
13341
19440
7413
11348
15398
16132
30789
26302
18933
17891
7380
28561
20322
17311
26079
1552
20684
28752
8855
15966
26784
943
17036
21362
30634
28021
23767
7387
3614
14193
32266
9269
22885
28012
26841
5735
8873
9917
13701
3234
10783
3499
31756
26905
27415
133
29970
17280
5317
10371
15757
8519
17357
8795
10548
30099
18576
5283
20389
9473
1593
20457
16472
2329
13958
21652
2376
12180
7767
23161
31835
20814
32503
13884
24470
15625
20526
14445
29697
12775
3843
25182
32603
26022
11601
3270
17534
12953
28176
23575
5776
10602
14945
7839
29423
657
15190
28769
19930
11155
17543
16560
32224
27643
23382
5521
29193
24089
26365
10446
7878
14205
21852
15066
19865
7474
16516
14184
15235
32699
24835
1994
12850
15055
22765
12042
2023
29908
9135
3018
12841
31260
13971
23515
22315
4065
7698
23968
2558
31489
9181
11041
7542
13946
18858
10990
14814
5541
9407
12986
8539
20019
26176
14259
20257
9704
7224
10402
23895
16409
30568
19911
24011
18150
8659
19058
4437
27704
29189
7265
10765
32378
1831
13533
1068
3350
6596
1939
451
22710
3417
11059
29982
2871
3742
26570
17909
29549
19095
20192
15704
16538
2649
14673
9304
31147
16285
18156
8566
11320
19974
15309
205
3897
7474
22394
21246
5513
16258
448
3807
11293
14762
26955
8675
8193
14071
28680
6983
26646
13923
315
24066
20109
31835
11615
1386
13858
21834
10177
26790
30489
29933
475
26839
4089
32342
16497
30213
9739
189
9837
30411
4497
29962
20859
32451
29127
2083
1124
32687
1179
15861
15148
24940
15915
14660
25834
11415
23555
13363
24426
13308
28691
30099
4228
26819
8049
20203
14649
17753
4308
28491
24211
31519
18124
5841
25659
20181
25026
30456
13527
20421
1460
19364
5162
21935
24493
30958
30441
29048
1797
14767
31838
15505
13917
10958
26047
13096
6233
16202
10059
1297
9244
26886
28458
2419
17797
600
15874
16690
19755
17488
27993
5152
25624
21960
16301
13539
32585
16176
22101
22436
3810
20246
10517
10109
25905
15224
23428
9887
4457
3018
3102
25926
10778
6085
31017
15198
17267
9974
5960
28914
3384
32002
30176
345
21633
24249
3374
25887
25912
23522
21029
3764
1872
27073
11273
1495
5062
6760
10188
19904
23896
31938
1323
528
26888
29025
31112
22137
12879
2
17542
25901
30498
31206
29286
30728
18342
29904
26660
14460
21938
27356
5457
29248
16392
2822
26543
21688
21843
1654
23694
24355
2784
26253
19433
25479
8989
14256
18752
19548
16338
5335
13875
4346
23585
24532
25315
1220
27198
12899
22536
27922
4335
21495
9938
2528
17603
16447
23169
32056
14610
2682
26563
15711
25784
10624
13777
32194
5776
30859
7496
15006
21938
30922
30920
21362
2413
8100
9038
24614
9475
15820
82
11512
21287
19209
27039
2347
23863
8899
7926
21614
19001
32077
4962
30477
29079
12788
13402
12505
32154
3531
1688
27352
6568
19252
13500
30637
18494
30255
27551
28358
7339
18786
8312
3656
21650
20460
7345
20410
3357
22506
27527
7027
4098
453
1380
18116
29751
30786
21756
18662
3700
7495
29225
21154
28012
14190
11911
13507
24012
27723
20431
16699
12784
4990
5108
4887
18792
11895
23296
26916
5165
4364
4779
32607
3491
1724
16320
4894
27470
193
16688
32255
31572
6359
10483
5012
28343
29903
18082
11723
2894
22226
16342
5150
392
26230
21054
10624
25056
32386
7042
3331
28191
2945
731
6473
16981
18185
8303
28337
4501
23497
15981
29757
29299
15956
20461
31557
30527
18095
31109
29149
3582
22171
1962
20487
25644
6307
28365
11161
18996
9190
12593
7917
21163
4258
18062
28234
10576
18820
24936
6165
24004
9650
11820
15287
7690
6036
26639
846
7357
31846
24486
31763
7955
22655
20294
2446
28309
3166
6425
24443
10907
20089
19205
11898
13705
30150
1085
28538
14796
24838
6307
31204
660
1748
3556
20615
9295
31345
20050
20806
12520
29004
11648
13187
29636
5460
6815
330
29049
12286
7323
30526
10060
31253
29685
30532
18033
7237
32351
31217
26369
11365
14361
10932
28347
13192
30478
6851
10107
2242
15277
14022
16762
3258
13192
27462
15691
4596
18863
9172
31121
32219
24779
4345
24705
28305
4857
24801
28955
29047
4972
22214
8231
5755
3521
27933
19698
27684
7969
28291
17862
12383
17689
12646
6186
16903
24121
25203
10462
7990
6254
2499
20373
31822
26911
14021
29296
16325
27402
32489
23871
28340
15837
15122
20598
22047
17300
12217
1009
32002
22421
3041
6504
11040
23437
27326
15024
4235
13832
17444
24503
23026
7891
30641
30781
15789
21777
24249
30035
19850
6943
4342
28308
6485
5161
18412
24358
28201
24457
3358
13936
15993
3555
7922
14488
32477
19457
14437
27332
926
24431
10095
1804
11008
20694
24115
13377
24658
24601
27375
32096
17334
7729
670
17620
689
18633
2669
12143
11633
17305
19429
17191
5346
19330
16337
13712
32111
16238
7156
9757
12952
6886
3948
16406
18232
32368
23012
88
3732
25006
10621
6864
6691
19255
27514
15286
18464
10804
31661
8329
11984
11707
24229
17613
28819
13803
29333
7815
17581
15052
17154
9845
16594
17635
27444
10254
12147
21400
13146
5436
32459
19785
21627
23003
5288
21802
3873
27377
4858
8931
196
3499
22813
14311
25591
4636
19942
3733
10069
32181
15983
7953
1833
24962
23970
21985
5599
22570
12424
22599
24366
26532
29519
12897
4611
17082
17181
19201
23852
9791
6295
14669
27337
19983
24368
22550
9843
15819
13618
13049
14889
22865
8333
10552
28159
2302
17506
25174
22149
26019
25423
28788
32248
10312
14969
15470
29739
22947
346
6069
28979
32086
6736
4074
30421
13548
16353
24639
7345
5777
15055
7310
29483
13205
27871
29238
10524
2719
15465
6842
24637
25009
11424
23576
23631
17375
11935
13033
30988
7887
30520
572
4814
15343
25979
25907
19968
4473
17928
32347
26952
10024
32533
24781
1649
2743
28990
28422
5658
4126
6416
19333
21024
22924
15699
14122
29388
25379
13851
31049
2749
3702
6285
11665
13716
27075
21362
5024
1377
12016
2173
15457
23249
13894
11868
12589
5140
22769
18305
28829
16015
32563
14765
23856
14150
22124
4673
31138
26119
27338
17220
3847
32599
8399
9523
6314
31006
19080
18828
4519
7697
21639
27161
74
27619
18085
253
23334
10283
5241
21888
9205
22548
31127
2458
21555
1734
23944
29761
30585
1688
31630
21618
3994
6386
18964
10497
7807
10499
24055
14625
29123
1320
17783
6579
3085
17175
5883
15183
18481
15055
12168
19731
4614
17472
23808
46
20741
9146
28698
30763
24742
20758
29221
29694
12922
1446
31356
31696
30217
15581
24520
8074
25193
5054
16632
4643
32163
13061
8706
11690
32197
12312
6231
11282
8135
4268
17191
8385
4126
23863
2905
32471
16674
28186
26440
14398
19232
24458
7743
16758
12863
22594
18355
1565
11795
3818
579
6721
20227
14917
7792
13414
7515
22558
14620
15446
3632
30448
452
31403
27127
28248
10365
13597
228
12859
12207
17292
18692
11447
7572
27085
16921
19146
18800
564
15161
10181
16526
17638
22053
878
32510
14299
25706
28408
30736
5045
31290
23716
10895
10564
21255
32307
15549
5078
25573
7698
23571
17471
14237
24388
23733
12459
28816
4111
21687
13606
3154
31590
12050
28904
17666
25881
29284
11362
11371
7359
14187
5129
23772
21343
2879
21477
23495
8161
14675
24536
2588
24119
14634
29871
15971
21834
15320
7658
25756
20391
5440
19531
16342
4838
32007
18721
10641
25054
25434
4690
27349
30090
21861
27433
2831
6330
11662
11749
12462
21113
2933
10749
28545
19266
20397
6964
8399
22753
5943
1377
8500
23850
29378
252
4158
25437
21925
17512
28107
10325
30872
30210
12576
31091
11318
4846
13770
5708
22323
30364
6709
277
7261
20252
27661
27082
25684
2599
15960
8225
18184
1769
1360
14386
4343
6287
21505
19939
24612
9621
22439
4885
5334
28621
11461
5264
4630
20782
27141
25006
2534
31074
31955
714
20801
30733
13240
27240
30678
8159
4727
19745
8069
3672
19433
3157
20374
25694
32152
8079
16315
31616
2334
10422
22220
9224
10043
7929
22844
14275
4281
15480
862
3471
22784
6835
2906
6569
22136
10675
18157
18099
13475
28154
28900
21384
3062
12588
19030
16832
7034
4474
5028
8450
39
7122
6450
17164
1531
23752
20450
9347
28382
5186
15701
5756
19253
30694
10208
29894
16456
12357
19024
29950
22612
31940
1886
23120
14447
10830
22769
6669
22560
18619
30486
15602
5818
19199
29375
2354
19068
32275
16447
16712
9578
675
28033
895
3050
13692
12
5694
14621
12980
14007
11541
19715
24470
11051
29320
8269
10068
3869
25246
31233
22124
329
16935
720
16598
13869
16081
4663
7922
28810
1002
12632
19764
1436
20466
28565
23181
26900
22248
25842
4504
31961
32081
32295
26762
8323
14344
28296
982
15508
7369
25493
14243
17780
28540
22113
13294
29235
14401
5795
18303
8957
11839
27549
25997
13148
812
26289
23088
13361
23452
17340
22923
18800
11
29497
21941
10142
4777
10775
18284
27916
21992
4949
21880
21201
20422
32611
1761
29064
21978
11577
27600
5582
20001
2355
26949
24698
12422
32179
4990
11931
5427
12661
17187
1331
23450
20401
20786
31924
13889
13810
9645
26686
10066
9145
1285
13462
14814
18385
18500
15078
1013
18288
27646
823
15718
6930
8693
12974
30550
23829
20879
8586
16515
26133
13048
21721
16982
21253
28951
22525
8874
20754
32306
12770
13919
19256
1888
29180
20637
21920
12978
4355
15080
29376
5152
8558
8680
3633
1333
2993
758
18767
19322
21045
26214
30098
14756
6427
29335
22703
14205
28081
9147
5742
23698
2480
13415
23626
2466
3644
730
10954
11457
29337
32525
22690
7247
8876
28030
11145
13469
2361
2749
8920
9304
470
23475
20455
5053
28338
14005
22567
4731
28168
20813
31999
30823
27488
24258
17767
9442
2188
2925
9543
18698
6750
24763
16013
10403
13610
24065
6160
32196
1279
20995
26152
27457
28068
16706
16650
10716
11860
25865
25828
23594
1337
3894
22460
13639
3754
32457
4361
24121
23589
28974
32526
17957
32523
31818
1530
18740
798
32071
21697
23107
5307
10272
11192
6989
20183
1003
28915
4248
27834
24554
11870
23202
23422
3408
21918
8906
26438
27091
26021
9919
63
1781
19991
3753
21336
31250
11360
31257
12993
8490
16018
28593
2597
26732
10239
7059
23206
23687
25498
2186
31388
5552
14
16379
5390
18289
412
31882
9452
312
1461
23435
26642
27547
1115
14639
1533
3692
19256
9067
26187
27521
3707
4007
29428
31296
11126
16172
16971
20461
30968
32330
25778
179
16748
10828
21024
1395
17070
10781
13140
12880
20401
17847
726
2551
28625
2127
16818
31151
6137
6466
15348
18980
22900
14269
6370
20723
8852
17711
13052
12020
27909
2672
29620
10059
30190
9134
12014
23342
23501
16155
14902
30323
15887
6744
15299
6369
14962
27296
27951
2099
25627
7093
19956
30443
4214
4491
422
27613
5586
22709
22003
5750
22456
29075
11354
7121
15630
8761
17326
10360
27632
31518
7498
21242
26442
31369
31249
6961
27189
31419
11052
4688
7447
22237
12931
30639
121
29352
28408
22102
10663
4310
20582
28491
11529
9292
20316
31899
21060
2052
9369
6442
28176
18876
31815
22844
32215
29536
8440
24511
24851
32568
23137
31838
19556
25297
31705
7750
21108
23725
24207
10166
7819
28842
17294
28233
15601
16179
22898
29699
3335
9000
25064
9501
14628
17038
13031
9873
20529
32246
4016
356
23811
27311
5510
14006
6011
17323
14381
2186
2911
32050
2597
854
20727
26440
19619
5194
13159
2783
852
14432
24784
11709
2001
4136
37
10539
22752
25681
18637
32611
8560
26358
30717
23479
13139
15790
16339
27009
29113
8274
3123
11726
26480
6284
14690
20425
1246
11813
6244
31721
16826
3083
23830
19930
7821
27171
21002
27948
16876
18388
28197
18622
11634
17231
10234
7401
18047
6560
8933
12396
11956
7030
4583
29722
10282
8882
27717
28997
373
21682
20447
13033
17755
15706
11601
5528
10836
3814
6603
10793
32193
4722
25265
5920
1773
5446
16114
9436
7620
24291
14888
24707
29013
31695
13684
430
14857
26911
6679
32467
21409
27849
6609
31862
31473
9895
6394
783
11102
9802
7777
10170
22552
4484
25832
5025
32024
10164
27355
5673
17369
11727
6933
11743
14294
3891
27601
13345
18118
16172
3921
6028
2202
10050
4657
20777
2866
11848
904
86
7651
9254
708
22902
22698
7777
20290
21336
23340
4463
13744
16232
32629
12989
30499
14488
31853
28540
1527
5388
13337
1071
13418
18056
10647
246
12535
21914
23256
18071
27764
25479
31259
18513
17898
24310
17197
7777
6200
22366
26722
13649
1382
6961
21329
9731
7114
3269
13651
641
12509
23047
9147
9090
3546
734
15314
17083
18972
23136
2713
28140
28469
28343
13374
7845
17102
977
5978
732
21057
3275
26608
16945
7159
20507
32294
19451
29315
8832
21697
31258
30075
25769
29538
5244
15386
12199
16514
363
3479
23572
30511
11933
17219
20481
15491
32506
12389
16289
4329
18731
11222
19638
6415
13031
5979
12479
31402
29948
197
24030
18669
21535
14538
17035
15559
23157
31650
7163
13535
7645
1889
846
14672
7940
15383
8571
32548
3366
8617
13820
10130
31396
28526
23609
14072
20043
29065
15285
32662
32094
26633
3834
31760
23145
15298
11589
21922
1221
9449
754
4640
17642
8049
9382
9653
24951
18729
26942
25688
14595
1426
13946
3853
11425
897
27753
30945
10037
121
7060
32675
19834
26054
29162
21602
8911
7001
2671
20395
11972
11367
2979
19839
28520
6592
16563
19734
9296
30192
6498
20566
15975
10007
15541
14098
121
27272
6753
4611
7294
30244
9973
10631
22950
21365
11975
13339
3880
20618
27552
30874
32715
8853
18727
22579
25137
5701
1038
31787
8678
27108
4094
9048
9516
11568
28739
19289
9092
17147
28471
12694
22781
24706
24688
26619
8764
9869
22953
31091
19791
12362
3697
23078
11057
13290
14997
8051
11804
4345
18254
15276
8338
26750
5931
14740
16682
6870
9404
13209
20251
18257
24580
722
21385
10633
30364
25015
13203
28806
29351
32418
22297
27539
23673
14857
28750
10462
19206
3192
12289
25043
3852
20561
29354
20789
25856
27460
12855
20225
22970
5004
18580
19970
19935
11503
20221
5939
17426
31091
9731
24281
26074
6624
29279
3933
27473
6650
6778
26090
20882
1147
4280
15563
3040
15058
30344
8066
7063
3230
25644
1191
15059
19177
24905
18823
1506
21284
23086
19320
20330
19942
7652
15101
2906
7525
12538
1183
31889
14256
269
27526
4433
26802
17689
12762
6754
14311
5763
27356
18694
28123
3810
21186
8096
30055
30353
18519
16675
5291
20469
17487
19259
14794
19343
27243
10046
22376
28865
4177
32209
3301
1888
22057
14682
5718
3581
11511
17193
16456
18675
26299
26469
23347
13872
11338
3000
27328
29124
29930
9402
3259
22315
23473
5663
21462
27482
28314
27039
4643
23436
21356
2216
20303
7369
24139
25798
26271
30779
30235
15054
2220
4144
25240
23758
7391
10734
24630
11956
16042
18490
5561
16833
21131
25255
18324
15019
28354
17823
25859
28309
5069
26419
19175
25263
28840
15522
22629
6829
11974
23723
12605
25065
461
31379
18922
31575
30485
1525
6527
25644
16607
31564
3388
5454
31061
12609
6643
28538
6469
11957
1821
15927
7837
21902
20411
32126
7846
28226
13550
20006
16385
24613
24149
17681
22626
8818
9258
281
10766
12827
24348
13240
32021
6225
23018
2169
4175
19921
16580
5922
7705
1781
10849
19614
28877
13430
5855
30380
17154
17666
95
24138
26505
29569
22876
7391
29986
11815
5328
6187
29186
25146
5125
20719
15109
14496
5691
28764
8883
3888
1535
16444
1012
15029
16454
31202
17555
24002
12620
6099
885
24632
25391
5681
28309
21400
23114
19947
31943
20489
23378
22182
1832
5673
30515
7018
32359
404
30888
3597
14263
6197
3996
9568
3472
16975
22084
4635
20521
30537
3065
22152
16821
27454
8662
11506
6751
2369
29974
26828
20487
18032
21290
16034
7610
6592
9117
7873
1780
9346
21416
3748
21141
22455
24469
11557
14755
8729
5588
19808
17861
29414
28638
21606
7035
7531
7373
17830
11294
26964
6584
10780
2971
23477
29648
15927
26095
1239
4156
4747
20578
24259
5556
2875
29315
2192
21471
27172
17126
27245
17517
20426
21408
3694
500
24323
27263
14871
20620
28517
24842
5289
5161
31344
2108
26158
20667
12156
3071
15174
4103
23137
4714
31152
18755
2280
4794
12696
9844
6900
8210
14243
17288
10608
9202
21434
17203
28664
17529
4250
21897
9543
29274
30744
3168
28259
23200
18485
6499
22666
14369
27878
20982
1498
16580
19104
5326
30916
10866
9637
27979
10799
989
12817
4252
22123
23795
6307
4241
11484
31521
31820
24639
20067
5448
19578
1622
18059
21376
28705
6465
27512
3727
5518
24834
20624
2855
13035
15052
14310
11491
913
6749
11883
23808
3600
17698
16083
8411
32512
8968
26440
7215
25734
16675
15825
31499
5797
25090
28545
32660
22602
14285
1631
12159
32022
9251
8729
23885
8169
6581
3943
2373
13874
31650
27200
22067
3065
5777
14016
3554
29865
3984
7380
29018
15519
25776
12971
20698
10099
23388
476
10132
1801
30845
13143
14123
14166
24144
3598
24301
2802
11266
13407
10960
29794
15120
19528
22062
30755
22113
32329
15936
13174
18208
30488
92
1007
21339
22535
16366
7099
2653
16950
20536
3764
31435
26744
15817
9254
11905
21510
29631
31071
2090
18406
30908
16632
24226
28441
32681
10982
29195
16775
18477
16704
5809
19371
2796
17870
12702
17662
28032
23637
25341
8485
14904
3493
31279
2009
22419
28511
4015
24474
15226
31879
24742
22291
22081
27341
18509
6476
12636
2203
29446
6290
15841
28637
10042
7206
3777
6548
16369
31912
31430
7706
13618
15169
25164
11827
20000
24467
5311
4311
22737
18530
4568
12737
1005
23295
8854
3255
13835
15736
1535
408
32459
1921
11668
23847
32179
5665
17813
8858
23242
28188
1273
25056
11511
22820
299
9910
27159
10686
390
19560
15583
20981
3727
17000
23672
14530
14581
3472
16852
31286
21577
4663
22225
32365
8573
29429
31509
4915
9502
4150
31396
29811
9553
29825
21057
28515
2959
14726
23947
3185
9760
12777
19155
27628
1369
25553
28862
16755
28821
8239
24991
6686
12020
17103
22673
22894
8150
26399
23639
6389
24342
7618
13301
22213
28934
28372
2314
7833
12847
13563
21492
6597
1733
7475
28066
12767
1516
22357
25399
12843
7341
17260
26468
5064
25783
10168
32130
24731
10965
15230
14962
22783
24883
4757
14133
18473
31056
13745
4426
13149
25026
29550
5323
20434
9133
13852
27718
27494
23553
27213
29276
13314
3191
16927
284
2507
73
24906
23325
18445
16564
15848
2653
12520
21806
16904
20700
26552
19303
31217
1784
9798
17154
23350
903
6320
30992
28798
27062
3096
3921
30224
30884
23567
2857
13089
14526
19136
18532
7133
8921
12252
23465
2103
7441
10825
8384
2929
26979
16522
28803
14442
25100
7148
15013
24235
8097
19062
32550
3120
25835
13198
25490
24566
27784
11115
24573
31048
29763
20798
16318
4042
8750
9248
29166
66
8069
31418
26015
23082
1346
18870
28124
14838
30335
25833
26981
31781
1168
10045
10791
5386
14556
11616
22653
6487
24704
3886
20009
17262
30114
17375
9488
360
17045
7408
30137
22497
6833
978
388
9610
17648
26197
17578
4972
29769
32211
11256
15868
27084
23836
27211
25316
7298
28965
10698
8076
770
24687
5350
3178
23251
30009
29459
16655
2437
32357
21827
3309
29582
21290
3623
28905
25829
25983
29221
9636
26464
3907
6935
14985
8910
1580
11209
6550
8916
8822
20273
31723
7816
25671
28524
6932
7631
25572
24701
11031
6263
6294
31428
26940
27411
8794
24896
19359
15770
587
28548
7542
14271
28112
2939
5155
7950
10373
22235
10489
15051
4330
31850
17358
6538
19406
5364
581
5262
14970
24583
10200
11490
10140
19573
680
7737
22266
3207
20740
17286
25555
12801
29627
10587
6675
3546
31010
27139
13887
20408
19684
12126
14363
8493
6284
30335
13340
14516
8403
28934
20369
8297
11179
8255
21391
11404
15112
1527
673
23988
10353
1826
7468
10962
27978
23598
16548
28397
9182
11045
3441
30359
3375
10117
16287
26930
10109
21471
9800
2533
8600
16690
9665
3163
14054
26629
12423
31042
16436
30534
25320
24190
1341
13541
11633
18225
6906
19504
14875
14188
23215
9709
30772
10162
15794
9785
31503
15409
10746
27683
5995
13247
31595
28423
27556
19093
21987
5548
16027
3278
3076
8989
24934
21663
9920
5448
32696
28756
22949
20824
2831
11279
28654
14802
11424
15167
32325
2673
27138
15841
25945
5570
26780
23929
28964
16512
31696
15823
8441
22189
27108
15722
25680
5749
5045
16846
22610
3266
27418
2933
21027
8094
25625
19854
16881
25165
19660
1399
15041
3878
14353
19964
10996
17205
26356
10829
4508
22418
23773
1217
15489
29823
2682
23885
23281
14917
15210
25538
29003
7115
12975
31178
31050
18171
8656
22689
15122
14037
26321
22163
11004
19279
15572
2104
22562
755
19339
14706
14249
12855
16741
31267
22737
21659
25716
15023
19902
21381
17952
13365
21764
24284
1422
6284
4084
13158
19662
17919
20904
27362
29895
31433
21200
12773
31714
17487
22075
32629
15225
9760
2597
10855
2046
13485
12867
30840
10219
8135
26255
814
19821
26845
29395
3693
32464
16627
8952
11480
6569
19042
2060
19949
23749
14930
532
4575
9428
5623
6807
32562
18389
1934
31719
30233
15169
1814
4398
32143
28919
21199
6972
17975
5866
29556
17938
32500
9613
18487
2862
22344
26873
22145
27796
19309
28900
22886
21665
5685
4930
19690
9871
25762
28088
28918
19399
10053
4549
24
18922
7511
18351
5630
11677
30105
5167
432
22040
8427
27868
32656
28014
12975
18264
5907
6554
27355
28476
6205
12877
17888
20164
29918
1914
11838
5690
29070
1181
11236
28196
27241
15567
11593
8237
10123
11147
17995
25299
32074
13886
202
13270
13366
14992
6916
27996
29906
13685
20399
484
13071
20210
984
2801
21900
22191
30334
5746
5264
32066
19949
24308
19651
22069
7900
23174
16816
28381
18758
19568
3067
1498
18184
17811
12129
12141
18495
16286
5236
29309
14687
16117
25108
10855
3859
10082
29356
14728
29657
12153
24882
22668
13145
7885
27100
3701
32648
17109
6819
7531
27521
18075
3961
28742
14366
22826
13897
21723
20057
20149
22195
3850
869
10375
22916
4228
652
12207
3063
24925
30919
3687
23213
1365
24095
5192
16494
27110
30918
4400
25757
10509
30196
29423
9597
11481
13443
4532
2598
32692
7497
22330
22597
21876
9529
11442
18838
6433
21816
23407
7459
2948
29632
19540
58
15988
11319
20989
2863
30944
20493
27056
19926
20379
3480
7938
10175
32491
14511
32329
26672
20687
264
16837
29155
7188
12882
9613
24196
10262
23058
3643
24041
343
28478
28247
19727
2753
22426
5764
16600
22459
26326
23660
135
6894
13156
17517
11255
13780
23835
6656
2462
13573
8589
8941
14405
17729
23080
22833
16517
27964
16399
22442
16897
6189
4534
25993
14437
15637
30272
19572
5153
11983
15000
25982
8934
24796
17489
2247
989
11500
22078
19442
9130
25900
721
15180
31780
16210
26676
31157
5072
25706
4649
29526
31011
12638
7586
3841
13684
29766
31264
2662
29635
12917
25804
27900
22316
17215
31062
15785
15657
19340
29841
26423
26506
26142
1227
30583
18998
1186
17390
9523
30879
21880
14168
18645
28422
14914
29050
13272
13172
6958
12594
4850
2676
8964
6889
18174
15249
12270
26476
24747
8594
1291
9355
10983
632
2226
25459
28681
27444
7046
28876
26049
2856
21566
29330
27584
19300
11313
1972
2342
7581
26788
17775
21679
16109
19668
11879
13213
27213
24770
32650
7013
14034
22721
28325
16921
7594
27072
14018
27032
25558
5719
3656
12663
25509
16532
25298
7086
29172
3204
30411
12291
23335
24448
15566
27190
13286
2109
3263
24305
31127
23441
3752
17262
16032
20998
30550
17382
24154
29216
29360
21693
29907
4974
22490
27247
5708
18003
781
17464
621
27793
28980
13702
20298
20122
31047
6687
18454
14743
16232
24850
31657
29237
15807
23135
14003
2098
32534
13158
26046
22186
26420
19984
6885
15650
9465
24255
13142
23889
10814
31990
22665
27058
17770
4808
22845
20683
14547
22274
5687
20794
27611
15895
32442
17028
4551
3536
22725
7838
25182
32688
20751
6199
16454
7720
3779
18891
26910
18559
18171
18792
2906
2431
3070
11582
24034
11488
21562
19690
5482
16246
29952
19327
21391
26137
3330
13912
27575
14168
6796
17568
6565
989
14725
926
1503
14750
17701
31681
13248
19913
22900
6767
13659
22892
28806
27790
16662
21736
6008
30159
1283
7700
30505
12477
21501
13616
11448
905
2183
23696
11714
13714
14692
1796
13400
12727
7158
16650
28354
8541
12375
179
28407
11327
4921
2133
5591
26872
4478
18422
30254
19026
22934
26995
27497
5452
26268
29556
24598
11245
304
12048
29
14539
29202
15423
21184
1882
17027
259
30804
5365
9820
24406
1981
9902
27627
24018
18347
28630
3473
12066
16278
5451
16668
17452
23674
6532
8421
21756
9554
32094
19113
3183
15190
8612
4136
17060
8693
13663
5503
29218
2706
15587
31046
21449
8190
32150
25193
19834
3512
23167
4039
8070
16102
28050
17804
31959
4370
27070
13391
31200
30374
4530
13802
32326
17702
20339
31773
9547
11055
14495
3298
14591
2611
2942
10382
13349
12274
28878
30124
30438
11191
3659
3737
6712
15192
13824
19679
3596
3051
15952
28242
28218
19016
20163
28652
14893
16195
11666
14953
23374
29606
23025
31907
9777
6128
32542
20395
17026
11216
3118
171
9646
8544
31890
7294
3153
30754
7532
6412
7778
3003
23444
14439
10784
4721
26216
423
8635
1894
13143
27525
18371
31890
11821
5306
13905
4226
8732
9749
11511
978
10126
14943
20841
10859
8877
26607
20200
13437
7854
18443
114
2875
4577
6149
4523
15706
22138
20498
17033
14151
25629
19433
14787
17195
5675
24864
4599
3231
2766
32581
3486
9263
26310
13759
7600
16016
2546
15203
10006
11169
158
21461
13012
16676
15759
11941
29939
13625
26831
7205
22063
9374
20281
13324
27749
16552
16067
18892
3515
24832
23438
19123
27277
29982
14767
25027
23066
4487
18363
32082
17907
5318
22037
4706
24607
8236
18167
14782
4111
24647
13121
729
16965
24867
4100
6246
1730
27203
8398
4790
10804
7773
17075
5078
13788
23257
23584
2404
577
4872
32095
12341
18582
8996
32233
13737
24300
22284
8815
4809
2840
8380
6055
32037
6242
14990
19927
2416
7154
12594
290
23512
5115
4462
31381
550
19876
13719
22001
21402
15803
28363
22582
29316
14361
1523
8948
19362
12755
20604
20561
12093
31269
21712
17369
24578
5663
14999
15369
13217
11021
687
28825
8487
9127
17131
18829
22812
31741
24975
31482
17244
24609
3208
4505
32438
2449
26731
15373
15942
1899
13108
23796
8338
23888
22203
12719
23655
9491
9973
6641
24433
7978
18416
19466
15005
24017
30604
497
30767
30463
14074
27411
14242
26890
4086
28382
11075
7705
29124
3084
21388
14925
25068
24752
5185
8367
31925
9986
32588
23256
354
13034
29017
20322
26159
15437
23601
29457
12297
539
23256
24769
2577
4629
27493
1039
22735
16735
27300
17095
17718
8649
11628
20753
31580
32733
21441
7258
6389
13736
12714
30980
1940
24137
27089
32460
16034
13883
5596
16383
10522
13410
6286
18268
11018
10199
30108
2248
714
26227
19280
12468
505
22557
18912
32334
23100
27348
17547
5227
31157
15227
14457
27951
13125
32615
25936
23682
11906
31402
21397
19762
23415
3870
25801
9448
26142
12336
18752
31436
26014
18290
30655
3320
17220
21983
733
8350
5443
24043
26646
14584
26924
25170
13488
20722
14891
1437
7246
922
3847
5748
23893
20291
31704
5287
3842
24444
901
31483
13640
2485
5380
22964
13930
26794
8273
3558
3677
17046
32555
8572
23515
9753
11665
8197
9031
27109
3584
27714
25412
31532
13673
25200
22291
9930
31476
21334
688
18737
18295
9229
25772
4376
24757
7826
27081
16611
11351
16141
32343
6865
9899
2526
22865
25576
2334
13933
23863
10656
23674
15022
10921
13906
29408
886
16584
24670
1413
25985
18252
8223
29228
4927
24165
6288
21607
9058
4179
32443
30349
29737
16580
3045
22138
30569
13809
26235
14857
13152
6007
11707
3923
1081
32502
5154
5284
27231
30315
13464
1089
29058
77
3678
16348
31850
1386
21427
14291
382
17536
30537
2605
1043
8091
9323
5458
22134
25394
3563
31372
28856
25343
16333
19521
26684
2210
24500
25581
21505
12276
2064
7138
10672
27948
10757
26815
24421
6324
8730
3762
24125
15561
27558
28269
4516
16597
7931
9705
8027
28300
9807
221
5196
11464
21870
29949
4622
3109
20514
9715
18742
348
27486
11550
19555
26976
29997
8461
2056
13114
3933
6330
27384
19365
2282
9862
2995
9833
25132
1784
22130
376
26560
32566
4084
15818
4152
10047
14598
27128
2178
7150
7893
23194
6937
21679
9204
27746
24045
6398
3627
19445
21267
20900
25861
24461
26668
12721
11544
11856
151
29496
3090
24941
30294
9165
8584
15100
15809
15551
8318
7827
6125
789
30134
1959
32729
27467
1721
2473
15966
31945
21927
13788
20693
28968
5566
760
3718
2852
31915
4737
14547
24927
23699
28644
25129
6363
21217
9558
22434
19253
6094
17004
31098
5282
15025
12410
11832
1451
22284
28845
23704
29864
3666
8168
6203
27390
21113
23647
27917
10776
19780
26868
30074
1062
28750
10836
10064
1176
31189
22993
882
9305
31308
2558
5186
1484
9887
22796
26316
29831
836
27879
27315
9426
13318
5392
25820
28382
31888
11833
24796
453
15804
9122
19746
19013
31641
10806
11748
2364
14398
4452
4810
21987
12114
17854
15197
1994
15959
24916
5678
17559
1465
26062
1734
11646
3738
31820
7761
26751
347
22270
13065
355
14570
4226
612
24180
16078
9473
18940
17663
31731
24840
834
10635
10806
25126
11747
18390
21168
1355
21750
16019
25795
24283
15082
10982
12774
6293
22578
32667
23088
20775
6317
5162
30118
22925
983
10091
1604
27693
15282
21017
32461
14772
32370
9480
27218
26542
5867
28454
132
23784
26555
26419
12987
30597
32055
13632
32194
2274
21014
6121
3177
13099
13023
8530
30408
1210
27668
18402
10835
27955
12060
18114
18082
26720
23025
2580
31486
31437
3470
8947
12459
23587
16150
32559
3576
27461
12228
24773
7687
18476
30614
20768
10588
12163
3769
3090
2856
29698
435
7825
3923
12682
15442
13618
9548
5637
5976
22118
29584
23548
5347
1142
6139
21237
30622
831
8401
4498
8362
15790
2700
11626
24650
1786
20067
5286
9553
13220
19871
25948
14155
17968
9629
24235
26478
11168
14498
18331
25663
17333
30561
26545
7172
12517
14158
27989
23021
11291
8609
24037
2561
22577
1833
27541
20425
20782
9429
19725
23487
29503
9475
29376
11125
5495
27016
13837
8326
13382
27260
24088
6717
18363
13770
5735
32263
16761
23419
13116
23193
28282
21181
24501
4576
14471
9142
4516
13741
883
25099
24367
797
8731
17454
4647
10441
7965
25451
5417
17330
21851
28850
5751
16107
5166
27170
31892
516
19306
7514
2209
6714
31510
638
17018
19040
25320
15371
2703
11659
11650
18267
28036
22657
4975
10743
5512
9695
12764
10144
30070
6412
4374
19740
2477
993
5831
23489
19120
23317
24560
25027
11644
25962
16038
2877
19885
12697
22412
30720
7503
32510
6932
8735
13957
1283
5749
8503
10972
17742
22634
22143
27757
21674
26033
19859
11445
18102
31039
24063
19763
10320
3139
22926
15814
13503
25057
21329
25797
12706
4779
19310
27868
7580
21471
19374
5289
7613
30307
16580
23578
21935
22913
7262
11141
5797
19810
3053
20612
4355
8524
20533
27798
29901
22939
404
12663
11473
18817
19730
1851
8340
3197
30252
30765
10494
7068
10592
32361
9157
31346
27512
3899
20889
14295
12695
54
27412
15970
28164
8724
6240
12455
7610
11601
14246
19760
8875
23686
7738
5692
30424
20614
16519
14650
1042
6714
27836
29187
11405
1596
1075
26075
20522
1590
24486
12838
23168
21497
18960
10986
9648
10845
15972
1288
15845
12251
21489
26682
20909
28395
1424
9419
23291
30750
16275
2329
19704
2556
24685
4812
21134
23195
6177
30676
27058
24324
21100
17188
26483
11333
6065
304
12487
20054
4264
14375
13328
12460
6343
10224
28529
29855
2924
3559
4052
20860
14287
26708
29879
23146
10154
30127
9401
17917
9381
27542
32488
5020
10371
8586
13512
10899
9231
11117
22818
20215
18628
8124
3987
2109
16703
1420
10448
21913
1125
9798
14266
